(-1 0 1) (1 -1 2) 22.8710 0.0034 0.8896 0
(-1 0 1) (1 0 2) 22.8710 0.0034 0.8896 0
(-1 0 1) (1 0 -2) 22.8710 0.0034 0.8896 0
(-1 0 1) (1 -1 -2) 22.8710 0.0034 0.8896 0
(-1 0 1) (0 1 2) 22.8710 0.0034 0.8896 0
(-1 0 1) (0 1 -2) 22.8710 0.0034 0.8896 0
(-1 0 1) (0 -1 2) 22.8710 0.0034 0.8896 0
(-1 0 1) (0 -1 -2) 22.8710 0.0034 0.8896 0
(-1 0 1) (-1 1 2) 22.8710 0.0034 0.8896 0
(-1 0 1) (-1 1 -2) 22.8710 0.0034 0.8896 0
(-1 0 1) (-1 0 2) 22.8710 0.0034 0.8896 0
(-1 0 1) (-1 0 -2) 22.8710 0.0034 0.8896 0
(1 1 0) (1 -1 2) 22.8710 0.0034 0.8896 0
(1 1 0) (1 0 2) 22.8710 0.0034 0.8896 0
(1 1 0) (1 0 -2) 22.8710 0.0034 0.8896 0
(1 1 0) (1 -1 -2) 22.8710 0.0034 0.8896 0
(1 1 0) (0 1 2) 22.8710 0.0034 0.8896 0
(1 1 0) (0 1 -2) 22.8710 0.0034 0.8896 0
(1 1 0) (0 -1 2) 22.8710 0.0034 0.8896 0
(1 1 0) (0 -1 -2) 22.8710 0.0034 0.8896 0
(1 1 0) (-1 1 2) 22.8710 0.0034 0.8896 0
(1 1 0) (-1 1 -2) 22.8710 0.0034 0.8896 0
(1 1 0) (-1 0 2) 22.8710 0.0034 0.8896 0
(1 1 0) (-1 0 -2) 22.8710 0.0034 0.8896 0
(1 0 1) (1 -1 2) 22.8710 0.0034 0.8896 0
(1 0 1) (1 0 2) 22.8710 0.0034 0.8896 0
(1 0 1) (1 0 -2) 22.8710 0.0034 0.8896 0
(1 0 1) (1 -1 -2) 22.8710 0.0034 0.8896 0
(1 0 1) (0 1 2) 22.8710 0.0034 0.8896 0
(1 0 1) (0 1 -2) 22.8710 0.0034 0.8896 0
(1 0 1) (0 -1 2) 22.8710 0.0034 0.8896 0
(1 0 1) (0 -1 -2) 22.8710 0.0034 0.8896 0
(1 0 1) (-1 1 2) 22.8710 0.0034 0.8896 0
(1 0 1) (-1 1 -2) 22.8710 0.0034 0.8896 0
(1 0 1) (-1 0 2) 22.8710 0.0034 0.8896 0
(1 0 1) (-1 0 -2) 22.8710 0.0034 0.8896 0
(1 0 -1) (1 -1 2) 22.8710 0.0034 0.8896 0
(1 0 -1) (1 0 2) 22.8710 0.0034 0.8896 0
(1 0 -1) (1 0 -2) 22.8710 0.0034 0.8896 0
(1 0 -1) (1 -1 -2) 22.8710 0.0034 0.8896 0
(1 0 -1) (0 1 2) 22.8710 0.0034 0.8896 0
(1 0 -1) (0 1 -2) 22.8710 0.0034 0.8896 0
(1 0 -1) (0 -1 2) 22.8710 0.0034 0.8896 0
(1 0 -1) (0 -1 -2) 22.8710 0.0034 0.8896 0
(1 0 -1) (-1 1 2) 22.8710 0.0034 0.8896 0
(1 0 -1) (-1 1 -2) 22.8710 0.0034 0.8896 0
(1 0 -1) (-1 0 2) 22.8710 0.0034 0.8896 0
(1 0 -1) (-1 0 -2) 22.8710 0.0034 0.8896 0
(1 -1 0) (1 -1 2) 22.8710 0.0034 0.8896 0
(1 -1 0) (1 0 2) 22.8710 0.0034 0.8896 0
(1 -1 0) (1 0 -2) 22.8710 0.0034 0.8896 0
(1 -1 0) (1 -1 -2) 22.8710 0.0034 0.8896 0
(1 -1 0) (0 1 2) 22.8710 0.0034 0.8896 0
(1 -1 0) (0 1 -2) 22.8710 0.0034 0.8896 0
(1 -1 0) (0 -1 2) 22.8710 0.0034 0.8896 0
(1 -1 0) (0 -1 -2) 22.8710 0.0034 0.8896 0
(1 -1 0) (-1 1 2) 22.8710 0.0034 0.8896 0
(1 -1 0) (-1 1 -2) 22.8710 0.0034 0.8896 0
(1 -1 0) (-1 0 2) 22.8710 0.0034 0.8896 0
(1 -1 0) (-1 0 -2) 22.8710 0.0034 0.8896 0
(0 1 1) (1 -1 2) 22.8710 0.0034 0.8896 0
(0 1 1) (1 0 2) 22.8710 0.0034 0.8896 0
(0 1 1) (1 0 -2) 22.8710 0.0034 0.8896 0
(0 1 1) (1 -1 -2) 22.8710 0.0034 0.8896 0
(0 1 1) (0 1 2) 22.8710 0.0034 0.8896 0
(0 1 1) (0 1 -2) 22.8710 0.0034 0.8896 0
(0 1 1) (0 -1 2) 22.8710 0.0034 0.8896 0
(0 1 1) (0 -1 -2) 22.8710 0.0034 0.8896 0
(0 1 1) (-1 1 2) 22.8710 0.0034 0.8896 0
(0 1 1) (-1 1 -2) 22.8710 0.0034 0.8896 0
(0 1 1) (-1 0 2) 22.8710 0.0034 0.8896 0
(0 1 1) (-1 0 -2) 22.8710 0.0034 0.8896 0
(0 1 -1) (1 -1 2) 22.8710 0.0034 0.8896 0
(0 1 -1) (1 0 2) 22.8710 0.0034 0.8896 0
(0 1 -1) (1 0 -2) 22.8710 0.0034 0.8896 0
(0 1 -1) (1 -1 -2) 22.8710 0.0034 0.8896 0
(0 1 -1) (0 1 2) 22.8710 0.0034 0.8896 0
(0 1 -1) (0 1 -2) 22.8710 0.0034 0.8896 0
(0 1 -1) (0 -1 2) 22.8710 0.0034 0.8896 0
(0 1 -1) (0 -1 -2) 22.8710 0.0034 0.8896 0
(0 1 -1) (-1 1 2) 22.8710 0.0034 0.8896 0
(0 1 -1) (-1 1 -2) 22.8710 0.0034 0.8896 0
(0 1 -1) (-1 0 2) 22.8710 0.0034 0.8896 0
(0 1 -1) (-1 0 -2) 22.8710 0.0034 0.8896 0
(0 -1 1) (1 -1 2) 22.8710 0.0034 0.8896 0
(0 -1 1) (1 0 2) 22.8710 0.0034 0.8896 0
(0 -1 1) (1 0 -2) 22.8710 0.0034 0.8896 0
(0 -1 1) (1 -1 -2) 22.8710 0.0034 0.8896 0
(0 -1 1) (0 1 2) 22.8710 0.0034 0.8896 0
(0 -1 1) (0 1 -2) 22.8710 0.0034 0.8896 0
(0 -1 1) (0 -1 2) 22.8710 0.0034 0.8896 0
(0 -1 1) (0 -1 -2) 22.8710 0.0034 0.8896 0
(0 -1 1) (-1 1 2) 22.8710 0.0034 0.8896 0
(0 -1 1) (-1 1 -2) 22.8710 0.0034 0.8896 0
(0 -1 1) (-1 0 2) 22.8710 0.0034 0.8896 0
(0 -1 1) (-1 0 -2) 22.8710 0.0034 0.8896 0
(0 -1 -1) (1 -1 2) 22.8710 0.0034 0.8896 0
(0 -1 -1) (1 0 2) 22.8710 0.0034 0.8896 0
(0 -1 -1) (1 0 -2) 22.8710 0.0034 0.8896 0
(0 -1 -1) (1 -1 -2) 22.8710 0.0034 0.8896 0
(0 -1 -1) (0 1 2) 22.8710 0.0034 0.8896 0
(0 -1 -1) (0 1 -2) 22.8710 0.0034 0.8896 0
(0 -1 -1) (0 -1 2) 22.8710 0.0034 0.8896 0
(0 -1 -1) (0 -1 -2) 22.8710 0.0034 0.8896 0
(0 -1 -1) (-1 1 2) 22.8710 0.0034 0.8896 0
(0 -1 -1) (-1 1 -2) 22.8710 0.0034 0.8896 0
(0 -1 -1) (-1 0 2) 22.8710 0.0034 0.8896 0
(0 -1 -1) (-1 0 -2) 22.8710 0.0034 0.8896 0
(-1 1 0) (1 -1 2) 22.8710 0.0034 0.8896 0
(-1 1 0) (1 0 2) 22.8710 0.0034 0.8896 0
(-1 1 0) (1 0 -2) 22.8710 0.0034 0.8896 0
(-1 1 0) (1 -1 -2) 22.8710 0.0034 0.8896 0
(-1 1 0) (0 1 2) 22.8710 0.0034 0.8896 0
(-1 1 0) (0 1 -2) 22.8710 0.0034 0.8896 0
(-1 1 0) (0 -1 2) 22.8710 0.0034 0.8896 0
(-1 1 0) (0 -1 -2) 22.8710 0.0034 0.8896 0
(-1 1 0) (-1 1 2) 22.8710 0.0034 0.8896 0
(-1 1 0) (-1 1 -2) 22.8710 0.0034 0.8896 0
(-1 1 0) (-1 0 2) 22.8710 0.0034 0.8896 0
(-1 1 0) (-1 0 -2) 22.8710 0.0034 0.8896 0
(-1 0 -1) (1 -1 2) 22.8710 0.0034 0.8896 0
(-1 0 -1) (1 0 2) 22.8710 0.0034 0.8896 0
(-1 0 -1) (1 0 -2) 22.8710 0.0034 0.8896 0
(-1 0 -1) (1 -1 -2) 22.8710 0.0034 0.8896 0
(-1 0 -1) (0 1 2) 22.8710 0.0034 0.8896 0
(-1 0 -1) (0 1 -2) 22.8710 0.0034 0.8896 0
(-1 0 -1) (0 -1 2) 22.8710 0.0034 0.8896 0
(-1 0 -1) (0 -1 -2) 22.8710 0.0034 0.8896 0
(-1 0 -1) (-1 1 2) 22.8710 0.0034 0.8896 0
(-1 0 -1) (-1 1 -2) 22.8710 0.0034 0.8896 0
(-1 0 -1) (-1 0 2) 22.8710 0.0034 0.8896 0
(-1 0 -1) (-1 0 -2) 22.8710 0.0034 0.8896 0
(-1 -1 0) (1 -1 2) 22.8710 0.0034 0.8896 0
(-1 -1 0) (1 0 2) 22.8710 0.0034 0.8896 0
(-1 -1 0) (1 0 -2) 22.8710 0.0034 0.8896 0
(-1 -1 0) (1 -1 -2) 22.8710 0.0034 0.8896 0
(-1 -1 0) (0 1 2) 22.8710 0.0034 0.8896 0
(-1 -1 0) (0 1 -2) 22.8710 0.0034 0.8896 0
(-1 -1 0) (0 -1 2) 22.8710 0.0034 0.8896 0
(-1 -1 0) (0 -1 -2) 22.8710 0.0034 0.8896 0
(-1 -1 0) (-1 1 2) 22.8710 0.0034 0.8896 0
(-1 -1 0) (-1 1 -2) 22.8710 0.0034 0.8896 0
(-1 -1 0) (-1 0 2) 22.8710 0.0034 0.8896 0
(-1 -1 0) (-1 0 -2) 22.8710 0.0034 0.8896 0
(-1 0 0) (1 0 1) 16.2480 0.0065 1.1212 1
(-1 0 0) (1 0 -1) 16.2480 0.0065 1.1212 1
(-1 0 0) (1 -1 1) 16.2480 0.0065 1.1212 1
(-1 0 0) (1 -1 -1) 16.2480 0.0065 1.1212 1
(-1 0 0) (0 1 1) 16.2480 0.0065 1.1212 1
(-1 0 0) (0 1 -1) 16.2480 0.0065 1.1212 1
(-1 0 0) (0 -1 1) 16.2480 0.0065 1.1212 1
(-1 0 0) (0 -1 -1) 16.2480 0.0065 1.1212 1
(-1 0 0) (-1 1 1) 16.2480 0.0065 1.1212 1
(-1 0 0) (-1 1 -1) 16.2480 0.0065 1.1212 1
(-1 0 0) (-1 0 1) 16.2480 0.0065 1.1212 1
(-1 0 0) (-1 0 -1) 16.2480 0.0065 1.1212 1
(1 0 0) (1 0 1) 16.2480 0.0065 1.1212 1
(1 0 0) (1 0 -1) 16.2480 0.0065 1.1212 1
(1 0 0) (1 -1 1) 16.2480 0.0065 1.1212 1
(1 0 0) (1 -1 -1) 16.2480 0.0065 1.1212 1
(1 0 0) (0 1 1) 16.2480 0.0065 1.1212 1
(1 0 0) (0 1 -1) 16.2480 0.0065 1.1212 1
(1 0 0) (0 -1 1) 16.2480 0.0065 1.1212 1
(1 0 0) (0 -1 -1) 16.2480 0.0065 1.1212 1
(1 0 0) (-1 1 1) 16.2480 0.0065 1.1212 1
(1 0 0) (-1 1 -1) 16.2480 0.0065 1.1212 1
(1 0 0) (-1 0 1) 16.2480 0.0065 1.1212 1
(1 0 0) (-1 0 -1) 16.2480 0.0065 1.1212 1
(0 1 0) (1 0 1) 16.2480 0.0065 1.1212 1
(0 1 0) (1 0 -1) 16.2480 0.0065 1.1212 1
(0 1 0) (1 -1 1) 16.2480 0.0065 1.1212 1
(0 1 0) (1 -1 -1) 16.2480 0.0065 1.1212 1
(0 1 0) (0 1 1) 16.2480 0.0065 1.1212 1
(0 1 0) (0 1 -1) 16.2480 0.0065 1.1212 1
(0 1 0) (0 -1 1) 16.2480 0.0065 1.1212 1
(0 1 0) (0 -1 -1) 16.2480 0.0065 1.1212 1
(0 1 0) (-1 1 1) 16.2480 0.0065 1.1212 1
(0 1 0) (-1 1 -1) 16.2480 0.0065 1.1212 1
(0 1 0) (-1 0 1) 16.2480 0.0065 1.1212 1
(0 1 0) (-1 0 -1) 16.2480 0.0065 1.1212 1
(0 0 1) (1 0 1) 16.2480 0.0065 1.1212 1
(0 0 1) (1 0 -1) 16.2480 0.0065 1.1212 1
(0 0 1) (1 -1 1) 16.2480 0.0065 1.1212 1
(0 0 1) (1 -1 -1) 16.2480 0.0065 1.1212 1
(0 0 1) (0 1 1) 16.2480 0.0065 1.1212 1
(0 0 1) (0 1 -1) 16.2480 0.0065 1.1212 1
(0 0 1) (0 -1 1) 16.2480 0.0065 1.1212 1
(0 0 1) (0 -1 -1) 16.2480 0.0065 1.1212 1
(0 0 1) (-1 1 1) 16.2480 0.0065 1.1212 1
(0 0 1) (-1 1 -1) 16.2480 0.0065 1.1212 1
(0 0 1) (-1 0 1) 16.2480 0.0065 1.1212 1
(0 0 1) (-1 0 -1) 16.2480 0.0065 1.1212 1
(0 0 -1) (1 0 1) 16.2480 0.0065 1.1212 1
(0 0 -1) (1 0 -1) 16.2480 0.0065 1.1212 1
(0 0 -1) (1 -1 1) 16.2480 0.0065 1.1212 1
(0 0 -1) (1 -1 -1) 16.2480 0.0065 1.1212 1
(0 0 -1) (0 1 1) 16.2480 0.0065 1.1212 1
(0 0 -1) (0 1 -1) 16.2480 0.0065 1.1212 1
(0 0 -1) (0 -1 1) 16.2480 0.0065 1.1212 1
(0 0 -1) (0 -1 -1) 16.2480 0.0065 1.1212 1
(0 0 -1) (-1 1 1) 16.2480 0.0065 1.1212 1
(0 0 -1) (-1 1 -1) 16.2480 0.0065 1.1212 1
(0 0 -1) (-1 0 1) 16.2480 0.0065 1.1212 1
(0 0 -1) (-1 0 -1) 16.2480 0.0065 1.1212 1
(0 -1 0) (1 0 1) 16.2480 0.0065 1.1212 1
(0 -1 0) (1 0 -1) 16.2480 0.0065 1.1212 1
(0 -1 0) (1 -1 1) 16.2480 0.0065 1.1212 1
(0 -1 0) (1 -1 -1) 16.2480 0.0065 1.1212 1
(0 -1 0) (0 1 1) 16.2480 0.0065 1.1212 1
(0 -1 0) (0 1 -1) 16.2480 0.0065 1.1212 1
(0 -1 0) (0 -1 1) 16.2480 0.0065 1.1212 1
(0 -1 0) (0 -1 -1) 16.2480 0.0065 1.1212 1
(0 -1 0) (-1 1 1) 16.2480 0.0065 1.1212 1
(0 -1 0) (-1 1 -1) 16.2480 0.0065 1.1212 1
(0 -1 0) (-1 0 1) 16.2480 0.0065 1.1212 1
(0 -1 0) (-1 0 -1) 16.2480 0.0065 1.1212 1
(-1 0 1) (1 1 0) 23.0847 0.0097 0.9671 2
(-1 0 1) (-1 -1 0) 23.0847 0.0097 0.9671 2
(1 1 0) (1 1 0) 23.0847 0.0097 0.9671 2
(1 1 0) (-1 -1 0) 23.0847 0.0097 0.9671 2
(1 0 1) (1 1 0) 23.0847 0.0097 0.9671 2
(1 0 1) (-1 -1 0) 23.0847 0.0097 0.9671 2
(1 0 -1) (1 1 0) 23.0847 0.0097 0.9671 2
(1 0 -1) (-1 -1 0) 23.0847 0.0097 0.9671 2
(1 -1 0) (1 1 0) 23.0847 0.0097 0.9671 2
(1 -1 0) (-1 -1 0) 23.0847 0.0097 0.9671 2
(0 1 1) (1 1 0) 23.0847 0.0097 0.9671 2
(0 1 1) (-1 -1 0) 23.0847 0.0097 0.9671 2
(0 1 -1) (1 1 0) 23.0847 0.0097 0.9671 2
(0 1 -1) (-1 -1 0) 23.0847 0.0097 0.9671 2
(0 -1 1) (1 1 0) 23.0847 0.0097 0.9671 2
(0 -1 1) (-1 -1 0) 23.0847 0.0097 0.9671 2
(0 -1 -1) (1 1 0) 23.0847 0.0097 0.9671 2
(0 -1 -1) (-1 -1 0) 23.0847 0.0097 0.9671 2
(-1 1 0) (1 1 0) 23.0847 0.0097 0.9671 2
(-1 1 0) (-1 -1 0) 23.0847 0.0097 0.9671 2
(-1 0 -1) (1 1 0) 23.0847 0.0097 0.9671 2
(-1 0 -1) (-1 -1 0) 23.0847 0.0097 0.9671 2
(-1 -1 0) (1 1 0) 23.0847 0.0097 0.9671 2
(-1 -1 0) (-1 -1 0) 23.0847 0.0097 0.9671 2
