(h k l) (X Y) [types]
0 -1 -1 2.536326566618167e-17 -0.4142135623730951 [0 2]
1 0 1 0.4142135623730951 0.0 [0 2]
-1 0 1 -0.4142135623730951 -5.072653133236334e-17 [0 2]
1 0 -1 0.4142135623730951 5.072653133236334e-17 [0 2]
1 1 0 0.7071067811865476 0.7071067811865476 [0 2]
0 -1 1 -2.536326566618167e-17 -0.4142135623730951 [0 2]
-1 0 -1 -0.4142135623730951 0.0 [0 2]
0 1 0 0.0 1.0 [1]
-1 -1 0 -0.7071067811865476 -0.7071067811865476 [0 2]
0 -1 0 0.0 -1.0 [1]
1 0 0 1.0 6.123233995736766e-17 [1]
-1 0 0 -1.0 -6.123233995736766e-17 [1]
-1 1 0 -0.7071067811865476 0.7071067811865476 [0 2]
0 0 -1 6.123233995736766e-17 6.123233995736766e-17 [1]
1 -1 0 0.7071067811865476 -0.7071067811865476 [0 2]
0 1 -1 2.536326566618167e-17 0.4142135623730951 [0 2]
0 0 1 -6.123233995736766e-17 -6.123233995736766e-17 [1]
0 1 1 -2.536326566618167e-17 0.4142135623730951 [0 2]
