(h k l) (X Y) [types]
0 -1 -1 2.2279368270582405e-17 -0.5218243078568349 [0]
1 0 1 0.4519131069162507 0.2609121539284174 [0]
1 1 0 0.5000000000000001 0.8660254037844386 [0]
1 0 -1 0.4519131069162507 0.2609121539284174 [0]
0 -1 1 -2.2279368270582402e-17 -0.5218243078568349 [0]
-1 0 1 -0.4519131069162507 -0.2609121539284174 [0]
-1 0 -1 -0.4519131069162507 -0.2609121539284174 [0]
-1 -1 0 -0.5000000000000001 -0.8660254037844386 [0]
-1 1 0 -0.8660254037844387 0.5 [0]
1 -1 0 0.8660254037844387 -0.5 [0]
0 1 -1 2.2279368270582402e-17 0.5218243078568349 [0]
0 1 1 -2.2279368270582405e-17 0.5218243078568349 [0]
