(h k l) (X Y) [types]
0 -1 -1 2.5363265666181662e-17 -0.41421356237309503 [1]
-1 1 -1 -0.3660254037844387 0.3660254037844387 [0]
0 -1 1 -2.5363265666181662e-17 -0.41421356237309503 [1]
0 1 0 0.0 1.0 [2]
-1 1 1 -0.3660254037844387 0.3660254037844387 [0]
1 -1 1 0.3660254037844387 -0.3660254037844387 [0]
1 -1 -1 0.3660254037844387 -0.3660254037844387 [0]
0 0 -1 6.123233995736765e-17 6.123233995736765e-17 [2]
0 0 1 -6.123233995736765e-17 -6.123233995736765e-17 [2]
1 0 1 0.41421356237309503 0.0 [1]
1 1 0 0.7071067811865475 0.7071067811865475 [1]
1 0 -1 0.41421356237309503 5.0726531332363324e-17 [1]
-1 -1 -1 -0.3660254037844387 -0.3660254037844387 [0]
0 -1 0 0.0 -1.0 [2]
-1 -1 1 -0.3660254037844387 -0.3660254037844387 [0]
-1 1 0 -0.7071067811865475 0.7071067811865475 [1]
1 -1 0 0.7071067811865475 -0.7071067811865475 [1]
-1 0 1 -0.41421356237309503 -5.0726531332363324e-17 [1]
-1 0 -1 -0.41421356237309503 0.0 [1]
1 0 0 1.0 6.123233995736765e-17 [2]
0 1 -1 2.5363265666181662e-17 0.41421356237309503 [1]
-1 -1 0 -0.7071067811865475 -0.7071067811865475 [1]
0 1 1 -2.5363265666181662e-17 0.41421356237309503 [1]
-1 0 0 -1.0 -6.123233995736765e-17 [2]
1 1 -1 0.3660254037844387 0.3660254037844387 [0]
1 1 1 0.3660254037844387 0.3660254037844387 [0]
