(-1 0 0) (1 0 1) 16.6660 0.0095 0.7169 0 4
(-1 0 0) (1 0 -1) 16.6660 0.0095 0.7169 0 4
(-1 0 0) (1 -1 1) 16.6660 0.0095 0.7169 0 4
(-1 0 0) (1 -1 -1) 16.6660 0.0095 0.7169 0 4
(-1 0 0) (0 1 1) 16.6660 0.0095 0.7169 0 4
(-1 0 0) (0 1 -1) 16.6660 0.0095 0.7169 0 4
(-1 0 0) (0 -1 1) 16.6660 0.0095 0.7169 0 4
(-1 0 0) (0 -1 -1) 16.6660 0.0095 0.7169 0 4
(-1 0 0) (-1 1 1) 16.6660 0.0095 0.7169 0 4
(-1 0 0) (-1 1 -1) 16.6660 0.0095 0.7169 0 4
(-1 0 0) (-1 0 1) 16.6660 0.0095 0.7169 0 4
(-1 0 0) (-1 0 -1) 16.6660 0.0095 0.7169 0 4
(1 0 0) (1 0 1) 16.6660 0.0095 0.7169 0 4
(1 0 0) (1 0 -1) 16.6660 0.0095 0.7169 0 4
(1 0 0) (1 -1 1) 16.6660 0.0095 0.7169 0 4
(1 0 0) (1 -1 -1) 16.6660 0.0095 0.7169 0 4
(1 0 0) (0 1 1) 16.6660 0.0095 0.7169 0 4
(1 0 0) (0 1 -1) 16.6660 0.0095 0.7169 0 4
(1 0 0) (0 -1 1) 16.6660 0.0095 0.7169 0 4
(1 0 0) (0 -1 -1) 16.6660 0.0095 0.7169 0 4
(1 0 0) (-1 1 1) 16.6660 0.0095 0.7169 0 4
(1 0 0) (-1 1 -1) 16.6660 0.0095 0.7169 0 4
(1 0 0) (-1 0 1) 16.6660 0.0095 0.7169 0 4
(1 0 0) (-1 0 -1) 16.6660 0.0095 0.7169 0 4
(0 1 0) (1 0 1) 16.6660 0.0095 0.7169 0 4
(0 1 0) (1 0 -1) 16.6660 0.0095 0.7169 0 4
(0 1 0) (1 -1 1) 16.6660 0.0095 0.7169 0 4
(0 1 0) (1 -1 -1) 16.6660 0.0095 0.7169 0 4
(0 1 0) (0 1 1) 16.6660 0.0095 0.7169 0 4
(0 1 0) (0 1 -1) 16.6660 0.0095 0.7169 0 4
(0 1 0) (0 -1 1) 16.6660 0.0095 0.7169 0 4
(0 1 0) (0 -1 -1) 16.6660 0.0095 0.7169 0 4
(0 1 0) (-1 1 1) 16.6660 0.0095 0.7169 0 4
(0 1 0) (-1 1 -1) 16.6660 0.0095 0.7169 0 4
(0 1 0) (-1 0 1) 16.6660 0.0095 0.7169 0 4
(0 1 0) (-1 0 -1) 16.6660 0.0095 0.7169 0 4
(0 0 1) (1 0 1) 16.6660 0.0095 0.7169 0 4
(0 0 1) (1 0 -1) 16.6660 0.0095 0.7169 0 4
(0 0 1) (1 -1 1) 16.6660 0.0095 0.7169 0 4
(0 0 1) (1 -1 -1) 16.6660 0.0095 0.7169 0 4
(0 0 1) (0 1 1) 16.6660 0.0095 0.7169 0 4
(0 0 1) (0 1 -1) 16.6660 0.0095 0.7169 0 4
(0 0 1) (0 -1 1) 16.6660 0.0095 0.7169 0 4
(0 0 1) (0 -1 -1) 16.6660 0.0095 0.7169 0 4
(0 0 1) (-1 1 1) 16.6660 0.0095 0.7169 0 4
(0 0 1) (-1 1 -1) 16.6660 0.0095 0.7169 0 4
(0 0 1) (-1 0 1) 16.6660 0.0095 0.7169 0 4
(0 0 1) (-1 0 -1) 16.6660 0.0095 0.7169 0 4
(0 0 -1) (1 0 1) 16.6660 0.0095 0.7169 0 4
(0 0 -1) (1 0 -1) 16.6660 0.0095 0.7169 0 4
(0 0 -1) (1 -1 1) 16.6660 0.0095 0.7169 0 4
(0 0 -1) (1 -1 -1) 16.6660 0.0095 0.7169 0 4
(0 0 -1) (0 1 1) 16.6660 0.0095 0.7169 0 4
(0 0 -1) (0 1 -1) 16.6660 0.0095 0.7169 0 4
(0 0 -1) (0 -1 1) 16.6660 0.0095 0.7169 0 4
(0 0 -1) (0 -1 -1) 16.6660 0.0095 0.7169 0 4
(0 0 -1) (-1 1 1) 16.6660 0.0095 0.7169 0 4
(0 0 -1) (-1 1 -1) 16.6660 0.0095 0.7169 0 4
(0 0 -1) (-1 0 1) 16.6660 0.0095 0.7169 0 4
(0 0 -1) (-1 0 -1) 16.6660 0.0095 0.7169 0 4
(0 -1 0) (1 0 1) 16.6660 0.0095 0.7169 0 4
(0 -1 0) (1 0 -1) 16.6660 0.0095 0.7169 0 4
(0 -1 0) (1 -1 1) 16.6660 0.0095 0.7169 0 4
(0 -1 0) (1 -1 -1) 16.6660 0.0095 0.7169 0 4
(0 -1 0) (0 1 1) 16.6660 0.0095 0.7169 0 4
(0 -1 0) (0 1 -1) 16.6660 0.0095 0.7169 0 4
(0 -1 0) (0 -1 1) 16.6660 0.0095 0.7169 0 4
(0 -1 0) (0 -1 -1) 16.6660 0.0095 0.7169 0 4
(0 -1 0) (-1 1 1) 16.6660 0.0095 0.7169 0 4
(0 -1 0) (-1 1 -1) 16.6660 0.0095 0.7169 0 4
(0 -1 0) (-1 0 1) 16.6660 0.0095 0.7169 0 4
(0 -1 0) (-1 0 -1) 16.6660 0.0095 0.7169 0 4
