(h k l) (X Y) [types]
0 -1 -1 2.227765539947259e-17 -0.5218779118591012 [0]
1 0 1 0.4519595293439578 0.2609389559295505 [0]
-1 1 -1 -0.45195952934395783 0.2609389559295507 [0]
-1 0 1 -0.4519595293439578 -0.2609389559295506 [0]
1 0 -1 0.4519595293439578 0.2609389559295506 [0]
0 -1 1 -2.227765539947259e-17 -0.5218779118591013 [0]
-1 1 1 -0.4519595293439578 0.2609389559295506 [0]
-1 0 -1 -0.4519595293439578 -0.2609389559295505 [0]
1 -1 1 0.45195952934395783 -0.2609389559295507 [0]
1 -1 -1 0.4519595293439578 -0.2609389559295506 [0]
0 1 -1 2.227765539947259e-17 0.5218779118591013 [0]
0 1 1 -2.227765539947259e-17 0.5218779118591012 [0]
